100100
100300
100800
101000
101200
101400
101600
101800
101900
102200
102370
102500
102530
102700
102900
103050
103100
103285
103500
103580
103780
103900
104100
104200
104290
104300
104310
104500
104510
104530
105120
105150
105200
105210
105250
105400
105500
105550
105600
105650
105830
106100
106190
106210
106260
106300
106600
107250
107480
107600
107970
108010
108120
108145
108300
108500
108600
108720
108721
108770
108900
108985
109100
109150
109400
109730
109800
110100
110450
110500
110700
110800
110900
111000
111150
111200
111250
111300
111380
111400
111500
111600
111620
111690
111740
111750
112010
112050
112100
112240
112250
112310
112410
112500
112600
113000
113100
113200
113300
113500
113620
113650
113750
113800
113900
113970
114000
114290
114300
114480
114500
114550
115000
115150
115195
115196
115197
115200
115210
115300
115310
115430
115470
115700
115900
116100
116200
116300
116400
116600
116700
116800
116860
116920
117000
117210
117300
117360
117550
117650
117800
118100
118200
118210
118220
118300
118400
118450
118600
118700
118800
119300
119500
119580
119600
119800
119900
120080
120100
120200
120330
120430
120433
120435
120790
120970
121050
121200
121201
121300
121800
121820
121850
121900
122000
122100
122200
122400
122470
122600
122700
122860
122880
123000
123100
123150
123320
123400
123450
123500
123570
123700
123790
124000
124200
124480
124500
124900
125250
125310
125350
125370
125400
125420
125490
125500
125595
125630
125700
125800
125850
125851
125852
125853
126200
126550
126600
126700
127000
127300
127400
127500
127550
127700
127750
128100
128101
128200
128230
128235
129200
129400
129490
129500
129600
129850
130000
130010
130050
130060
130070
130080
130600
130650
130720
130900
131100
131300
131440
131705
131750
131760
131800
131850
131900
131950
131960
132000
132400
132450
132600
132700
132800
132900
133020
133100
133180
133190
133200
133239
133540
133700
133701
133780
134600
134610
135100
135150
135290
135300
135400
135500
135700
135750
135900
136000
136120
136140
136520
136540
136550
136570
136580
136590
136620
136630
136640
136660
136680
136760
136800
136880
136900
137200
137215
137245
137440
137550
137580
137600
137750
137760
137800
137920
137940
138000
138500
138800
138900
139090
139210
139300
139393
140000
140350
140600
140700
141200
141500
141749
141750
142309
142330
142395
142623
142669
142680
142690
142900
142945
142946
143095
143100
143200
143400
143465
143470
143500
143860
143870
143880
143890
144010
144200
144250
144650
144700
144750
144755
145000
145001
145250
145350
145420
145500
145600
145650
145680
145750
145900
145980
145981
146000
146110
146200
146255
146300
146390
146500
146510
146520
146550
146590
146700
146750
146800
147050
147060
147250
147430
147480
147630
147750
147791
147891
147920
147950
148000
148050
148190
148200
148210
148300
148350
148370
148500
148600
148700
148820
149100
149200
149400
149700
149730
150230
150250
150400
150550
150600
150699
150800
151050
151100
151200
151210
151400
151600
151623
151660
152700
152950
153100
153400
153550
153600
153670
153700
153800
153870
154020
154230
154400
154500
154700
154780
154800
155100
155240
155255
155310
155500
155601
155720
155755
155950
156200
156240
156250
156400
156500
156510
156530
156550
156600
156610
157170
157600
157640
157800
158000
158170
158300
158310
158320
158330
158350
158580
158590
158600
158810
158900
158901
159550
159900
159950
160120
160150
160500
160565
160800
160900
160980
161000
161050
161200
161400
161800
162000
162091
162100
162200
162210
162300
162350
162400
162500
162800
162830
162900
163000
163200
163500
163800
163950
164200
164210
164230
164280
164300
164310
164400
164500
164745
164750
165300
165500
165510
165550
165720
165800
166200
166210
166220
166250
166260
166300
166350
166600
166700
166710
166750
166760
166780
166900
167000
167030
167100
167200
167210
167250
167320
167400
167800
168000
168300
168400
168500
168550
168600
168601
168605
169100
169150
169400
169500
169600
170100
170390
170400
170500
170650
171200
171300
171400
172700
172800
172870
173100
173200
173600
173650
173900
174000
174050
174200
174300
174400
174500
174700
174800
174810
174900
175050
175100
175200
175510
175700
175780
175800
175900
176000
176100
176200
176270
176305
176400
176410
176430
176450
176500
176670
176807
176860
176920
177000
177170
177200
177650
177700
177735
177820
177850
177900
177980
178110
178500
178600
179300
179613
179620
179800
179850
180000
180100
180104
180105
180200
180295
180300
180500
180550
180700
180750
180800
180849
180860
180920
181000
181030
181270
181350
181400
181405
181430
181450
181500
181600
182000
182170
182212
182230
182250
182290
182410
182600
182601
182900
182920
182940
182980
183086
183090
183600
183900
184095
184250
184252
184255
184260
184450
184460
184500
184840
184900
185000
185020
185070
185300
185500
185800
185900
186000
186100
186200
186300
186500
186550
186570
186580
187300
187500
187600
187601
187800
187900
187950
188000
188025
188050
188055
188400
188470
188550
188570
188580
188740
188890
189500
190300
190320
190330
190350
190351
190440
190685
190900
191100
191480
191800
191830
191900
192315
192430
192500
192600
192605
192950
193100
193220
193230
193235
193300
193400
193500
193510
193520
193530
193670
193700
193900
194050
194070
194071
194072
194080
194190
194200
194300
194380
200100
200110
200150
200500
200600
200610
200700
200990
201000
201100
201250
201300
201400
201450
201470
201475
201710
201750
201810
201910
202010
202110
202200
202300
202370
202400
202650
202700
203100
203200
203290
203300
203400
203450
203500
203650
203655
203700
203740
203750
203780
203800
204000
204100
204200
204300
204500
204650
204690
204700
204750
204870
205100
205400
205950
206100
206200
206500
206700
206800
206900
206920
207410
207750
207800
207900
208000
208050
208085
208100
208150
208230
208250
208400
208530
208540
208550
208900
208920
209300
209500
209880
209885
209900
209920
209950
210000
210100
210200
210210
210250
210370
210600
210710
210720
210750
210900
211180
211380
211400
211500
211530
211600
211750
211800
211900
211980
212050
212065
212066
212070
212093
212112
212138
212140
212350
212500
212550
212720
212750
212780
212840
213000
213200
213300
213600
213700
213980
214100
214110
214150
214300
214350
214400
214450
214500
214700
214800
214950
215045
215100
215140
215150
215300
215400
215470
215500
215600
215700
216100
216340
216360
216400
216550
216820
216900
217000
217080
217085
217090
217095
217300
217400
217700
217800
218000
218030
218040
218330
218340
218400
218600
218700
218800
219000
219050
219080
219090
219100
219150
219200
219500
219700
219730
219750
219800
219900
220100
220110
220111
220120
220150
220210
220290
220400
220500
220600
221200
221750
221770
221820
221900
222300
222448
222470
222600
222700
222730
222748
222765
222800
222900
223000
223100
223360
223800
223900
224050
224100
224120
224230
224410
224500
224690
224750
224900
225060
225100
225200
225250
225280
225300
225320
225400
225410
225500
225750
225753
225790
226200
226300
226400
226600
226650
226670
226700
226730
226750
226900
226960
226980
226990
227220
227240
227260
227300
227400
227500
227600
227645
227646
227650
227810
228000
228300
228520
228550
228600
228900
228930
228960
228980
229050
229070
229100
229200
229300
229600
229700
229800
230000
230200
230350
230400
230450
230500
230600
230650
230740
230800
230900
231000
231005
231050
231070
231090
231095
231200
231300
231530
231550
231670
231680
231690
231900
231950
232200
232220
232240
232300
232400
232500
232600
232700
232800
233100
233300
233400
233420
233600
233650
233690
233700
233710
233910
234000
234050
234200
234500
234580
234810
235200
235400
235510
235550
235555
235700
235730
235800
236000
236200
236250
236270
236500
236600
236670
236680
236690
236700
236730
236750
236792
236800
237300
237310
237450
237500
237900
238320
238600
238700
238970
239000
239100
239200
239300
239500
239510
239850
240300
240500
240600
240800
240900
241080
241200
241410
241500
241510
241520
241530
241550
241600
241800
241850
242100
242150
242300
242500
242600
242700
242840
242860
242900
243000
243060
243150
243180
243300
243310
243400
243500
243605
243700
243800
244200
244400
244450
244460
245000
245010
245050
245150
245200
245300
245340
245348
245349
245400
245450
245480
245570
245590
245600
245660
245800
245900
246200
246300
246450
246560
246650
246700
246900
247100
247200
247420
248000
248190
248200
248250
248300
248340
248360
248370
248390
248450
248500
248510
248600
248700
248800
248900
249000
249100
249210
249270
249400
249420
249500
249700
249900
250100
250220
250250
250400
250410
250460
250620
250790
250800
250850
250940
250950
251000
251100
251110
251120
251200
251230
251255
251260
251270
251280
251290
251300
251450
251750
251850
251880
251900
251950
252010
252011
252150
252160
252270
252500
252600
252605
252650
252700
252900
252920
252930
252940
253000
253010
253200
253220
253250
253260
253270
253280
253290
253300
253310
253400
253550
253600
253601
253700
253800
254090
254110
254130
254210
254300
254450
254500
254600
254770
254780
254800
254900
254940
255100
255110
255120
255125
255160
255200
255310
255320
255600
255700
255800
255960
255995
256000
256020
256030
256040
256050
256100
256300
256370
256450
256500
256520
256540
256550
256600
256700
256730
256731
256800
256810
256840
256850
257200
257220
257270
257300
257320
257850
257920
257980
258100
258150
258315
258450
258480
258501
258660
258860
258870
258900
259050
259100
259420
259440
259450
259500
259600
259700
259710
259720
259730
259770
259775
259900
260000
260005
260300
260350
260370
260400
260500
260540
260565
260600
260660
260800
260920
261000
261100
261500
261515
261540
261550
261600
261630
261640
261670
261680
261740
261750
261990
262000
262190
262300
262400
262500
262600
262650
262700
262850
262890
263200
263210
263300
263400
263520
263570
263650
263700
263750
263800
264070
264090
264300
264350
264470
264600
264700
264800
265000
265050
265100
265120
265380
265400
265450
265800
265900
266100
266120
266130
266140
266150
266200
266265
266280
266300
266500
266510
266600
266900
266920
267000
267010
267300
267430
267500
267750
268000
268100
268130
268150
268200
268210
268220
268300
268305
268310
268315
268400
268800
268900
269150
269160
269250
269400
269500
269600
269700
269840
269880
269920
269921
270100
270200
270300
270400
270420
270450
270550
270685
270700
270750
270800
270960
270970
271150
271245
271400
271510
271640
271665
271700
271900
271930
271980
272120
272200
272300
272430
272440
272460
272750
272800
273250
273300
273395
273750
273800
273900
274000
274150
274270
274300
274400
274500
274600
274700
274800
274900
275100
275200
275210
275350
275355
275400
275630
275900
276300
276600
276700
276710
276820
276880
276900
276901
276902
276904
277170
277180
277300
277380
277400
277410
277440
277450
277460
277470
277480
277580
277590
277600
277700
277900
277950
278000
278150
278250
278300
278700
278720
278730
278740
278750
278760
278780
278800
278850
280000
300000
300004
300009
300018
300029
300048
300049
300055
300066
300067
300068
300071
300087
300088
300100
300106
300114
300115
300123
300143
300148
300166
300194
300200
300209
300210
300215
300219
300232
300238
300243
300244
300257
300260
300261
300263
300271
300280
300291
300299
300310
300321
300322
300323
300337
300352
300354
300367
300373
300376
300387
300400
300419
300422
300423
300424
300425
300434
300438
300448
300455
300472
300475
300476
300486
300489
300491
300494
300495
300496
300497
300500
300510
300511
300514
300523
300534
300539
300554
300555
300558
300559
300578
300582
300590
300600
300604
300607
300614
300615
300622
300623
300624
300633
300635
300636
300643
300645
300653
300659
300661
300672
300673
300676
300679
300695
300696
300699
300705
300707
300717
300718
300749
300751
300752
300755
300758
300770
300799
300801
300802
300803
300804
300807
300814
300815
300816
300818
300830
300831
300833
300834
300835
300842
300844
300845
300847
300849
300850
300853
300854
300855
300857
300860
300863
300867
300868
300869
300872
300882
300884
300886
300887
300888
300894
300895
300896
300905
300908
300909
300910
300911
300912
300914
300915
300918
300919
300923
300928
300932
300934
300942
300943
300946
300952
300953
300957
300958
300960
300963
300966
300967
300968
300971
300972
300978
300979
300982
300983
300984
300985
300986
300988
300989
300990
300991
300997
300998
301000
301006
301008
301010
301013
301014
301015
301018
301020
301021
301022
301024
301025
301026
301028
301029
301030
301031
301032
301033
301035
301039
301040
301041
301043
301044
301045
301050
301051
301052
301054
301056
301058
301059
301060
301066
301068
301069
301071
301072
301074
301075
301076
301077
301078
301080
301081
301082
301083
301200
301220
301310
301500
301830
301835
301900
302045
302060
302200
302350
302500
302800
302802
302905
302950
302960
303100
303110
303350
303400
303600
303700
303800
303900
304020
304100
304110
304120
304150
304340
304400
304500
304700
304790
304800
305000
305100
305390
305400
305450
305600
305620
306000
306400
306700
306900
306955
307000
307030
307150
307200
307700
307800
308050
308100
308205
308230
308240
308300
308350
308700
308800
308905
308940
308990
309000
309120
309300
309350
309400
309500
309510
309520
309530
309541
309548
309549
309580
309583
309585
309590
309630
309800
309801
309900
310200
310300
310400
310440
310468
310490
310500
310600
310700
311070
311200
311250
311300
311360
311510
311900
312000
312060
312080
312170
312300
312600
312700
312750
312863
312870
312920
313200
313400
313500
313900
314050
314250
314390
314400
314580
314700
400042
400044
400045
400047
415000
500000
500001
500002
500003
500004
500005
500006
500007
500008
500009
500010
500011
500013
500014
500015
502000
502500
515000
520000
520100
530000
535000
540000
545000
550500
551000
551200
551500
553000
556500
557000
560000
580000
598500
600001
600002
600059
600060
600072
600081
600092
600101
600105
600110
600116
600118
600121
600132
600138
600142
600143
600145
600151
600155
600175
600195
600204
600224
600231
600251
600257
600263
600268
600273
600274
600309
600316
600320
600334
600348
600363
600373
600376
600383
600430
600462
600496
600501
600512
600513
600625
600627
600630
600638
600649
600651
600652
600666
600721
600740
600775
600790
600791
600794
600795
600802
600803
600807
600850
600852
600858
600880
600881
600882
600886
600901
600919
600920
600955
600962
600965
600969
600971
600972
600974
600977
600987
600994
600995
600996
601001
601003
601005
601042
601067
601068
601071
601072
601088
601098
601104
601110
601144
601152
601154
601162
601186
601198
601200
601214
601216
601224
601228
601238
601277
601283
601287
601316
601317
601321
601331
601338
601358
601360
601367
601369
601382
601386
601388
601390
601399
601410
601412
601414
601419
601455
601457
601462
601472
601492
601493
601494
601495
601518
601536
601539
601543
601544
601547
601550
601551
601552
601553
601559
601583
601596
601606
601626
601631
601634
601650
601665
601675
601678
601680
601705
601707
601709
601718
601744
601775
601776
601777
601780
601800
601803
601808
601812
601813
601815
601816
601820
601847
601859
601868
601869
601884
601885
601887
601894
601942
601952
601954
601977
602014
602025
602032
602066
602078
602079
602080
602081
602082
602083
602088
602089
602092
602093
602099
602111
602152
602271
602342
602347
602361
602390
602398
602400
602433
602450
602459
602471
602473
602477
602481
602482
602483
602485
602491
602499
602501
602522
602531
602535
602540
602541
602557
602579
602588
602629
602668
602722
602723
602771
602772
602782
602849
602875
603034
603041
603075
603147
603194
603218
603233
603278
603284
603285
603358
603373
603383
603387
603457
603467
603471
603472
603511
603516
603543
603546
603552
603553
603554
603563
603585
603592
603596
603622
603629
603649
603671
603688
603689
603720
603736
603776
603786
603813
603829
603830
603896
603902
603903
603909
603932
603933
603956
603965
604004
604091
604093
604116
604117
604121
604129
604131
604145
604168
604169
604173
604187
604213
604218
604219
604229
604232
604233
604250
604271
604273
604278
604286
604290
604292
604302
604307
604308
604317
604320
604321
604326
604348
604352
604356
604360
604364
604367
604369
604370
604377
604379
604387
604391
604393
604400
604403
604416
604432
604454
604484
604498
604536
604537
604559
604563
604571
604625
604715
604717
604757
604765
604772
604777
604804
604805
604841
604864
604906
604928
604931
605013
605019
605021
605027
605039
605041
605074
605115
605130
605192
605218
605231
605253
605258
605259
605275
605280
605282
605285
605289
605309
605355
605361
605362
605373
605375
605376
605387
605389
605407
605428
605429
605432
605472
605479
605543
605583
605588
605589
605594
605635
605637
605670
605676
605711
605714
605724
605726
605751
605803
605809
605814
605820
605822
605850
605899
605909
605911
605990
606002
606003
606053
606054
606056
606068
606069
606070
606071
606072
606159
606164
606170
606176
606217
606220
606232
606243
606324
606346
606353
606367
606391
606392
606394
606407
606408
606438
606482
606483
606528
606545
606574
606579
606581
606593
606595
606612
606657
606658
606664
606685
606688
606690
606693
606703
606705
606713
606719
606721
606744
606762
606763
606764
606766
606768
606777
606785
606798
606812
606824
606835
606843
606854
606856
606864
606889
606893
606943
606952
606966
606996
607014
607015
607016
607017
607039
607060
607078
607080
607084
607091
607095
607101
607115
607131
607136
607140
607143
607151
607154
607155
607174
607196
607200
607208
607225
607236
607250
607259
607271
607276
607277
607278
607313
607317
607323
607326
607330
607341
607346
607361
607364
607371
607398
607417
607426
607432
607447
607450
607453
607454
607457
607459
607464
607473
607475
607476
607482
607483
607485
607486
607487
607507
607514
607523
607539
607541
607554
607594
607596
607598
607602
607616
607624
607625
607626
607628
607631
607634
607641
607654
607655
607676
607677
607678
607681
607682
607684
607685
607688
607694
607706
607721
607734
607736
607745
607748
607765
607778
607785
607791
607812
607821
607822
607823
607829
607831
607832
607834
607836
607842
607847
607850
607855
607864
607872
607876
607903
607906
607907
607921
607932
607936
607941
607944
607948
608013
608022
608027
608030
608033
608051
608068
608089
608091
608093
608097
608099
608104
608105
608106
608115
608118
608133
608149
608156
608161
608175
608180
608189
608194
608203
608224
608232
608233
608236
608265
608266
608320
608323
608328
608340
608354
608358
608361
608363
608380
608389
608390
608393
608404
608415
608423
608443
608446
608456
608470
608471
608516
608540
608553
608556
608565
608567
608569
608572
608579
608584
608594
608611
608612
608615
608622
608627
608629
608634
608636
608641
608643
608644
608647
608649
608653
608654
608673
608681
608687
608688
608709
608716
608728
608747
608751
608758
608768
608776
608779
608782
608799
608800
608804
608805
608807
608810
608812
608836
608837
608840
608864
608874
608885
608890
608895
608898
608902
608907
608908
608930
608931
608940
608957
608970
608971
608978
608980
608984
608996
609006
609015
609016
609027
609029
609033
609040
609048
609049
609053
609054
609056
609057
609060
609069
609070
609115
609129
609135
609136
609140
609141
609148
609152
609153
609161
609162
609165
609180
609192
609195
609200
609218
609220
609227
609241
609242
609254
609260
609265
609270
609273
609283
609284
609285
609286
609296
609304
609306
609307
609308
609310
609311
609313
609322
609334
609338
609340
609352
609404
609423
609425
609432
609439
609441
609446
609452
609460
609465
609508
609524
609528
609529
609532
609533
609535
609536
609541
609549
609560
609579
609583
609597
609620
609621
609622
609625
609628
609634
609637
609638
609640
609646
609698
609706
609734
609741
609753
609755
609757
609796
609812
609813
609814
609820
609821
609823
609887
609889
609909
609913
609923
609924
609942
609968
609975
609981
610003
610006
610015
610017
610019
610021
610024
610031
610042
610048
610069
610090
610092
610093
610100
610102
610125
610127
610131
610140
610149
610153
610154
610156
610163
610168
610181
610185
610187
610188
610189
610193
610198
610199
610202
610204
610205
610212
610217
610220
610227
610244
610245
610246
610250
610251
610253
610256
610265
610282
610283
610293
610297
610313
610329
610333
610353
610356
610357
610359
610370
610374
610377
610379
610381
610419
610424
610425
610427
610442
610443
610444
610445
610446
610448
610455
610460
610474
610475
610476
610478
610489
610498
610504
610505
610508
610532
610536
610539
610542
610543
610549
610551
610582
610599
610600
610612
610618
610623
610628
610629
610644
610651
610678
610682
610687
610688
610698
610706
610708
610713
610717
610725
610733
610738
610743
610755
610756
610758
610759
610762
610768
610773
610798
610805
610828
610829
610832
610840
610842
610852
610878
610883
610896
610913
610915
610921
610927
610938
610947
610951
610954
610965
610967
610968
610978
610984
610988
610992
610997
611022
611038
611040
611064
611067
611081
611087
611090
611091
611092
611093
611102
611105
611126
611131
611134
611136
611162
611174
611182
611209
611225
611228
611263
611283
611291
611302
611307
611363
611369
611376
611377
611378
611383
611390
611391
611407
611431
611451
611465
611489
611490
611493
611497
611498
611521
611523
611528
611543
611544
611548
611553
611554
611556
611560
611561
611584
611588
611590
611597
611603
611615
611638
611664
611705
611718
611719
611721
611722
611724
611726
611742
611755
611762
611771
611773
611777
611783
611788
611804
611809
611812
611816
611818
611819
611820
611862
611867
611868
611875
611876
611878
611879
611880
611881
611884
611890
611895
611913
611928
611936
611938
611942
611943
611953
611960
612001
612004
612015
612016
612018
612020
612042
612052
612067
612069
612073
612075
612076
612079
612095
612098
612100
612109
612119
612124
612126
612132
612138
612158
612160
612164
612199
612201
612219
612225
612227
612229
612233
612237
612240
612242
612244
612245
612247
612251
612253
612260
612261
612267
612269
612271
612278
612281
612284
612285
612286
612287
612289
612290
612291
612292
612300
612301
612304
612310
612313
612318
612319
612336
612337
612345
612347
612350
612356
612362
612370
612371
612376
612379
612387
612389
612390
612394
612400
612416
612422
612423
612431
612437
612438
612444
612446
612460
612462
612463
612469
612474
612475
612513
612518
612520
612522
612526
612527
612528
612529
612530
612539
612540
612541
612542
612551
612555
612556
612560
612561
612562
612563
612567
612572
612576
612577
612580
612582
612591
612621
612623
612624
612626
612628
612630
612631
612633
612634
612635
612643
612644
612645
612649
612650
612651
612653
612656
612657
612671
612674
612690
612691
612692
612702
612703
612712
612713
612714
612716
612718
612736
612740
612775
612780
612781
612782
612783
612794
612797
612798
612813
612838
612840
612841
612847
612852
612863
612868
612874
612877
612881
612885
612899
612900
612908
612918
612921
612922
612923
612924
612925
612926
612932
612933
612936
612937
612938
612940
612943
612949
612951
612952
612953
612954
612955
612956
612961
612964
612965
612968
612975
612989
612997
612998
612999
613000
613001
613002
613003
613011
613013
613014
613021
613026
613027
613028
613029
613038
613060
613068
613070
613071
613073
613074
613075
613076
613077
613078
613079
613080
613086
613087
613089
613090
613091
613092
613093
613094
613095
613098
613099
613100
613101
613102
613105
613107
613108
613112
613115
613116
613118
613119
613120
613122
613123
613135
613148
613150
613151
613152
613153
613154
613155
613156
613157
613158
613159
613161
613162
613163
613172
613174
613177
613179
613192
613193
613194
613195
613204
613205
613206
613211
613215
613216
613217
613223
613224
613225
613227
613229
613235
613237
613239
613243
613244
613251
613252
613254
613255
613265
613266
613267
613268
613270
613280
613285
613286
613287
613291
613307
613308
613309
613310
613312
613313
613319
613320
613325
613327
613328
613329
613330
613341
613345
613347
613348
613353
613355
613370
613375
613376
613382
613385
613388
613390
613391
613393
613398
613399
613402
613404
613406
613410
613411
613418
613424
613426
613428
613435
613436
613443
613444
613451
613453
613454
613456
613457
613458
613463
613464
613470
613471
613477
613480
613485
613488
613489
613490
613493
613494
613495
613496
613500
613501
613502
613506
613507
613508
613509
613517
613523
613533
613544
613546
613550
613551
613554
613558
613559
613561
613563
613564
613566
613571
613573
613575
613581
613582
613587
613589
613603
613604
613608
613610
613611
613612
613615
613616
613617
613618
613625
613630
613638
613640
613641
613642
613643
613646
613647
613652
613656
613657
613658
613659
613660
613661
613662
613668
613670
613671
613672
613673
613674
613675
613676
613677
613679
613680
613681
613684
613686
613688
613690
613693
613694
613695
613697
613700
613702
613703
613704
613705
613706
613707
613708
613710
613711
613712
613717
613718
613720
613721
613722
613723
613724
613728
613729
613730
613731
613735
613736
613737
613743
613744
613750
613751
613752
613756
613757
613758
613759
613761
613762
613763
613765
613767
613769
613776
613778
613779
613780
613783
613784
613789
613790
613791
613792
613793
613794
613795
613796
613800
613801
613803
613804
613805
613807
613808
613809
613810
613811
613812
613818
613819
613820
613823
613824
613825
613826
613827
613829
613830
613834
613835
613837
613838
613839
613843
613845
613848
613849
613850
613852
613854
613855
613856
613860
613861
613862
613865
613869
613870
613873
613874
613876
613877
613881
613882
613884
613885
613886
613887
613908
613912
613916
613925
613926
613943
613949
613950
613951
613953
613954
613955
613956
613957
613958
613959
613960
613970
613972
613977
613978
613980
613981
613982
613983
613985
613986
613987
613988
613989
613990
614008
614009
614017
614018
614019
614020
614021
614022
614023
614024
614025
614028
614034
614035
614038
614039
614042
614049
614050
614052
614053
614063
614065
614066
614067
614069
614070
614072
614073
614074
614075
614076
614077
614078
614079
614080
614081
614082
614083
614089
614090
614091
614096
614097
614098
614099
614102
614104
614105
614111
614113
614114
614115
614116
614120
614122
614128
614129
614131
614134
614135
614152
614153
614156
614160
614162
614163
614165
614167
614170
614171
614172
614173
614175
614180
614181
614185
614186
614188
614190
614193
614195
614196
614198
614199
614201
614202
614203
614204
614205
614207
614209
614212
614213
614219
614222
614224
614225
614226
614228
614229
614230
614231
614249
614250
614251
614254
614255
614256
614257
614261
614262
614265
614266
614278
614279
614284
614286
614290
614291
614292
614293
614294
614296
614298
614299
614300
614302
614303
614305
614306
614307
614320
614321
614322
614324
614325
614326
614327
614328
614331
614332
614335
614337
614338
614340
614350
614369
614370
614371
614372
614373
614374
614376
614377
614378
614379
614380
614381
614382
614383
614385
614388
614389
614390
614391
614395
614399
614400
614401
614402
614409
614411
614415
614416
614417
614418
614419
614420
614424
614429
614430
614431
614432
614433
614434
614435
614436
614437
614438
614441
614450
614455
614456
614457
614458
614462
614464
614465
614466
614468
614470
614473
614474
614475
614480
614482
614483
614485
614486
614487
614490
614491
614492
614493
614495
614496
614497
614498
614499
614500
614501
614504
614507
614508
614514
614519
614521
614524
614526
614527
614541
614546
614557
614558
614559
614561
614563
614564
614565
614575
614576
614582
614583
614592
614594
614595
614602
614607
614608
614609
614613
614614
614615
614616
614617
614618
614619
614621
614640
614643
614650
614651
614652
614653
614654
614662
614665
614669
614671
614672
614673
614674
614675
614678
614679
614680
614689
614691
614699
614700
614701
614702
614706
614707
614714
614723
614727
614728
614731
614732
614736
614739
614740
614741
614742
614743
614744
614745
614748
614749
614750
614751
614752
614753
614756
614779
614782
614800
614807
614808
614809
614810
614813
614814
614815
614816
614817
614819
614820
614822
614823
614830
614831
614832
614833
614837
614838
614839
614840
614841
614842
614844
614845
614846
614847
614849
614850
614851
614852
614856
614857
614858
614859
614861
614862
614863
614866
614867
614868
614869
614870
614871
614872
614873
614874
614876
614877
614878
614879
614880
614881
614882
614883
614885
614886
614887
614889
614890
614891
614892
614893
614895
614896
614897
614898
614899
614900
614915
614916
614920
614921
614922
614923
614924
614926
614929
614931
614932
614934
614935
614937
614940
614941
614944
614945
614946
614947
614959
614961
614962
614963
614969
614970
614972
614974
614976
614979
614980
615005
615006
615007
615008
615009
615010
615011
615018
615021
615023
615024
615025
615026
615028
615030
615031
615032
615033
615034
615035
615040
615041
615042
615043
615048
615058
615059
615065
615066
615067
615071
615072
615073
615074
615075
615081
615082
615083
615084
615085
615091
615092
615095
615107
615108
615109
615112
615113
615119
615120
615122
615127
615134
615135
615139
615145
615147
615155
615156
615157
615158
615159
615160
615179
615181
615182
615184
615185
615188
615190
615191
615193
615198
615206
615207
615214
615217
615219
615220
615221
615222
615224
615225
615226
615228
615232
615233
615234
615235
615237
615238
615244
615248
615249
615264
615266
615267
615268
615269
615270
615271
615272
615273
615274
615277
615278
615279
615280
615281
615282
615284
615285
615286
615287
615290
615293
615294
615297
615298
615300
615311
615314
615327
615328
615330
615338
615342
615343
615344
615346
615348
615349
615350
615351
615352
615355
615356
615360
615361
615362
615363
615368
615369
615371
615373
615374
615376
615377
615378
615381
615382
615386
615387
615395
615396
615397
615398
615399
615400
615401
615402
615411
615412
615413
615414
615415
615418
615419
615420
615422
615424
615425
615426
615429
615431
615432
615433
615434
615436
615438
615439
615440
615441
615444
615451
615453
615457
615458
615465
615468
615471
615473
615474
615476
615481
615482
615483
615485
615486
615489
615490
615491
615493
615500
615501
615502
615503
615504
615505
615506
615508
615510
615511
615512
615513
615515
615516
615517
615518
615522
615523
615524
615527
615528
615529
615530
615537
615538
615539
615540
615541
615542
615544
615545
615546
615547
615548
615550
615551
615552
615553
615554
615555
615557
615558
615559
615560
615561
615565
615573
615574
615575
615577
615578
615582
615583
615590
615591
615592
615593
615595
615596
615597
615598
615599
615602
615604
615605
615607
615615
615616
615617
615625
615629
615630
615631
615632
615633
615636
615637
615643
615651
615656
615658
615663
615665
615668
615670
615673
615681
615683
615685
615686
615688
615696
615703
615704
615705
615706
615707
615709
615710
615715
615716
615721
615722
615723
615724
615725
615726
615728
615731
615735
615744
615745
615749
615750
615751
615752
615758
615760
615761
615763
615767
615768
615770
615771
615774
615777
615779
615780
615785
615789
615802
615803
615807
615809
615812
615816
615817
615821
615824
615828
615829
615830
615833
615834
615835
615837
615838
615841
615842
615846
615848
615849
615851
615859
615860
615861
615862
615863
615866
615871
615872
615873
615877
615878
615879
615881
615883
615885
615887
615888
615889
615895
615896
615897
615905
615907
615909
615911
615916
615917
615918
615919
615922
615923
615924
615925
615926
615934
615935
615937
615938
615942
615945
615946
615947
615948
615952
615953
615954
615957
615959
615960
615961
615962
615963
615966
615969
615970
615972
615973
615974
615978
615979
615980
615981
615982
615983
615984
615985
615986
615987
615988
615989
615990
615991
615992
615993
615994
615995
615996
615999
616000
616001
616002
616004
616005
616006
616007
616022
616025
616026
616028
616029
616030
616032
616033
616034
616037
616038
616039
616040
616042
616044
616045
616050
616051
616052
616053
616056
616059
616060
616063
616067
616069
616078
616079
616080
616081
616083
616084
616087
616089
616093
616094
616095
616098
616099
616100
616106
616108
616111
616113
616115
616116
616117
616118
616126
616127
616138
616139
616140
616145
616151
616152
616154
616155
616158
616165
616166
616170
616171
616172
616176
616185
616187
616188
616192
616193
616198
616199
616200
616201
616202
616204
616208
616209
616211
616212
616214
616216
616217
616219
616220
616221
616222
616224
616227
616228
616229
616230
616231
616239
616247
616248
616249
616255
616258
616260
616263
616265
616266
616267
616268
616269
616270
616271
616276
616277
616278
616279
616280
616281
616282
616286
616287
616289
616291
616294
616295
616298
616299
616300
616304
616307
616311
616313
616314
616321
616322
616323
616324
616325
616326
616329
616330
616331
616335
616339
616340
616341
616342
616345
616346
616351
616353
616354
616355
616357
616362
616364
616366
616367
616368
616370
616371
616373
616389
616390
616393
616394
616395
616398
616399
616400
616402
616409
616410
616411
616413
616414
616415
616418
616420
616421
616425
616428
616430
616433
616435
616436
616437
616439
616445
616449
616451
616452
616455
616457
616459
616460
616461
616462
616468
616469
616470
616471
616479
616481
616482
616483
616486
616487
616488
616489
616490
616491
616494
616500
616501
616502
616503
616505
616507
616509
616511
616515
616516
616517
616521
616531
616532
616534
616535
616538
616539
616540
616541
616544
616546
616549
616553
616559
616562
616564
616566
616568
616570
616576
616577
616579
616580
616583
616586
616589
616592
616602
616603
616604
616606
616617
616622
616625
616629
616631
616632
616636
616638
616640
616645
616647
616649
616651
616652
616654
616657
616668
616669
616672
616680
616681
616682
616683
616684
616685
616687
616688
616689
616697
616705
616707
616708
616710
616716
616719
616720
616721
616722
616723
616724
616726
616728
616730
616732
616733
616734
616736
616737
616738
616739
616740
616744
616749
616754
616756
616760
616763
616777
616779
616780
616781
616784
616788
616789
616794
616795
616801
616803
616806
616809
616811
616812
616814
616816
616817
616818
616819
616827
616828
616829
616831
616833
616834
616835
616839
616840
616843
616849
616851
616852
616854
616858
616859
616860
616863
616866
616867
616868
616871
616873
616875
616878
616881
616882
616887
616890
616892
616893
616894
616896
616897
616898
616900
616901
616902
616903
616907
616910
616911
616913
616914
616917
616920
616921
616922
616924
616937
616938
616939
616941
616943
616944
616946
616947
616948
616949
616950
616954
616959
616963
616968
616969
616973
616974
616975
616977
616981
617004
617006
617008
617011
617013
617014
617017
617018
617020
617021
617022
617023
617024
617025
617026
617027
617028
617030
617035
617039
617041
617044
617046
617047
617049
617050
617051
617052
617053
617054
617055
617056
617061
617062
617063
617065
617066
617068
617069
617070
617072
617073
617075
617080
617082
617086
617087
617088
617090
617091
617092
617093
617099
617100
617101
617102
617105
617106
617107
617108
617111
617113
617114
617115
617116
617118
617119
617120
617121
617123
617125
617126
617127
617132
617133
617137
617140
617141
617142
617143
617145
617146
617153
617156
617157
617158
617159
617162
617164
617166
617168
617169
617171
617173
617174
617175
617180
617182
617183
617184
617186
617187
617188
617190
617193
617194
617201
617205
617207
617213
617214
617217
617219
617222
617223
617225
617228
617232
617234
617235
617236
617237
617238
617239
617241
617243
617244
617247
617248
617251
617252
617253
617255
617258
617260
617268
617270
617271
617272
617275
617276
617280
617281
617282
617284
617290
617294
617296
617297
617300
617301
617302
617303
617304
617306
617308
617315
617319
617320
617321
617323
617330
617333
617336
617337
617339
617341
617343
617347
617349
617350
617352
617360
617364
617370
617383
617384
617388
617389
617391
617392
617393
617394
617395
617396
617397
617402
617403
617404
617405
617406
617408
617409
617412
617425
617432
617433
617435
617439
617441
617442
617443
617450
617452
617460
617466
617468
617475
617478
617480
617481
617493
617506
617507
617514
617516
617519
617520
617523
617524
617525
617526
617527
617532
617537
617540
617542
617547
617557
617560
617561
617562
617563
617564
617565
617571
617572
617574
617575
617576
617577
617584
617585
617591
617592
617593
617595
617596
617598
617599
617600
617601
617602
617604
617605
617606
617607
617609
617610
617613
617616
617622
617626
617629
617633
617635
617637
617638
617639
617641
617642
617643
617644
617654
617660
617661
617662
617663
617664
617665
617666
617667
617668
617669
617671
617672
617675
617681
617682
617686
617690
617691
617694
617695
617698
617706
617707
617709
617710
617711
617712
617713
617717
617718
617719
617721
617729
617730
617731
617732
617743
617744
617746
617749
617751
617752
617755
617756
617757
617760
617761
617762
617763
617765
617767
617768
617769
617770
617771
617772
617773
617780
617781
617783
617784
617787
617788
617796
617798
617799
617800
617802
617804
617805
617807
617808
617809
617810
617816
617820
617821
617822
617825
617827
617829
617830
617831
617836
617839
617854
617862
617864
617865
617866
617871
617872
617873
617874
617875
617877
617879
617882
617883
617885
617892
617895
617898
617899
617900
617903
617904
617907
617911
617912
617913
617914
617915
617916
617917
617920
617921
617924
617925
617926
617927
617928
617929
617930
617931
617933
617935
617936
617938
617941
617948
617950
617951
617952
617954
617956
617959
617960
617961
617964
617965
617966
617967
617970
617971
617973
617974
617976
617977
617980
617981
617982
617983
617984
617985
617988
617991
617992
617993
617994
617995
617996
618000
618003
618004
618005
618006
618008
618009
618010
618011
618012
618013
618014
618015
618018
618019
618021
618022
618027
618031
618036
618042
618048
618049
618050
618052
618056
618057
618060
618061
618063
618065
618067
618074
618075
618076
618077
618078
618079
618084
618086
618087
618088
618089
618090
618091
618092
618093
618094
618095
618096
618097
618098
618103
618106
618107
618108
618109
618110
618112
618113
618114
618115
618116
618117
618120
618123
618124
618126
618129
618131
618135
618138
618140
618141
618142
618143
618144
618145
618147
618148
618149
618150
618152
618153
618154
618155
618156
618157
618158
618160
618161
618162
618164
618165
618167
618168
618170
618173
618174
618175
618176
618177
618178
618179
618180
618182
618183
618184
618185
618186
618187
618188
618189
618193
618195
618196
618197
618198
618201
618204
618205
618213
618218
618219
618220
618221
618222
618223
618224
618225
618226
618228
618229
618230
618231
618232
618233
618234
618235
618236
618237
618238
618239
618240
618241
618242
618243
618244
618245
618246
618247
618248
618249
618250
618251
618252
618253
618254
618257
618261
618264
618265
618266
618267
618268
618270
618272
618273
618275
618276
618278
618279
618280
618282
618283
618284
618285
618286
618287
618291
618292
618295
618298
618300
618302
618307
618309
618310
618312
618313
618314
618316
618317
618321
618323
618324
618325
618328
618329
618330
618331
618332
618333
618336
618339
618341
618342
618343
618345
618346
618347
618348
618349
618351
618353
618354
618356
618357
618358
618360
618362
618363
618364
618367
618369
618371
618372
618373
618374
618377
618378
618379
618381
618383
618384
618386
618387
618388
618389
618392
618393
618394
618395
618396
618397
618398
618400
618402
618404
618406
618410
618412
618414
618415
618416
618418
618419
618420
618422
618425
618426
618429
618430
618431
618432
618433
618434
618435
618436
618437
618438
618440
618443
618447
618449
618451
618453
618454
618456
618457
618459
618460
618462
618463
618464
618468
618469
618470
618475
618476
618477
618479
618480
618481
618482
618484
618492
618493
618494
618495
618496
618497
618498
618499
618500
618501
618504
618505
618506
618511
618512
618513
618522
618523
618524
618527
618528
618529
618531
618533
618534
618535
618541
618546
618547
618548
618549
618550
618555
618557
618559
618564
618567
618569
618571
618572
618573
618577
618578
618580
618587
618590
618591
618594
618596
618598
618603
618604
618606
618608
618612
618613
618618
618619
618620
618622
618624
618625
618632
618635
618637
618641
618643
618644
618646
618648
618651
618652
618653
618654
618655
618658
618659
618660
618662
618663
618664
618665
618666
618667
618670
618672
618674
618677
618680
618681
618683
618687
618688
618695
618697
618699
618702
618707
618709
618718
618719
618721
618723
618724
618725
618727
618728
618729
618730
618731
618732
618733
618734
618736
618737
618741
618744
618745
618748
618751
618752
618760
618761
618763
618766
618767
618768
618770
618773
618774
618775
618776
618778
618779
618780
618781
618782
618786
618787
618792
618793
618795
618797
618798
618800
618801
618803
618804
618805
618806
618807
618808
618810
618811
618815
618820
618821
618822
618823
618824
618825
618826
618827
618828
618829
618830
618832
618835
618838
618839
618840
618841
618845
618846
618847
618848
618849
618850
618851
618852
618853
618855
618856
618857
618858
618859
618862
618863
618866
618868
618870
618872
618873
618874
618875
618876
618877
618878
618879
618880
618881
618882
618883
618884
618885
618886
618889
618890
618891
618892
618901
618905
618906
618907
618908
618910
618912
618913
618914
618915
618916
618917
618918
618920
618922
618924
618929
618935
618939
618940
618944
618947
618948
618950
618951
618952
618955
618958
618959
618960
618961
618963
618969
618970
618971
618972
618973
618974
618975
618977
618979
618982
618983
618985
618986
618987
618992
618998
618999
619000
619003
619004
619005
619007
619009
619011
619012
619013
619016
619024
619025
619026
619027
619028
619030
619031
619033
619036
619040
619041
619042
619044
619046
619048
619051
619052
619053
619054
619055
619056
619057
619058
619059
619060
619061
619062
619063
619064
619065
619071
619072
619073
619074
619075
619076
619079
619080
619081
619082
619083
619086
619087
619090
619091
619092
619093
619094
619095
619096
619097
619099
619101
619102
619103
619108
619110
619111
619112
619113
619115
619120
619121
619122
619123
619124
619125
619126
619127
619130
619131
619132
619133
619135
619141
619142
619143
619144
619145
619146
619147
619148
619149
619150
619151
619155
619157
619161
619164
619165
619166
619167
619170
619172
619173
619174
619175
619176
619177
619178
619179
619180
619182
619183
619184
619185
619188
619189
619191
619194
619196
619201
619202
619203
619208
619209
619215
619216
619217
619218
619220
619221
619223
619224
619226
619227
619228
619229
619232
619234
619238
619239
619243
619244
619245
619248
619255
619256
619258
619259
619260
619263
619264
619267
619268
619269
619271
619272
619273
619274
619278
619279
619281
619286
619290
619291
619293
619297
619301
619302
619303
619304
619306
619310
619311
619312
619313
619314
619317
619318
619319
619320
619321
619322
619323
619324
619325
619326
619328
619329
619333
619334
619338
619339
619340
619343
619345
619350
619351
619352
619354
619355
619356
619360
619361
619362
619363
619365
619366
619367
619369
619371
619373
619374
619375
619376
619377
619379
619380
619381
619382
619383
619386
619389
619396
619398
619401
619402
619405
619406
619407
619418
619420
619422
619423
619424
619425
619426
619428
619431
619433
619435
619436
619437
619441
619445
619446
619451
619452
619453
619460
619461
619462
619463
619464
619465
619466
619467
619468
619470
619471
619472
619473
619475
619476
619477
619478
619479
619480
619481
619482
619483
619484
619486
619487
619488
619489
619491
619492
619493
619500
619501
619503
619504
619510
619512
619515
619517
619518
619519
619521
619522
619523
619525
619527
619528
619531
619534
619538
619539
619542
619543
619545
619548
619549
619553
619555
619556
619557
619561
619562
619565
619566
619573
619574
619575
619576
619580
619582
619585
619588
619593
619594
619595
619598
619599
619602
619603
619605
619606
619607
619608
619609
619611
619613
619614
619615
619616
619621
619630
619632
619636
619637
619638
619639
619641
619643
619644
619645
619646
619647
619648
619649
619651
619652
619653
619656
619657
619658
619661
619662
619665
619672
619673
619680
619681
619685
619686
619687
619688
619689
619690
619691
619692
619693
619694
619695
619696
619697
619698
619699
619701
619702
619705
619707
619708
619712
619714
619717
619718
619719
619720
619721
619724
619725
619727
619733
619735
619736
619737
619738
619742
619743
619745
619747
619750
619751
619752
619755
619758
619759
619761
619762
619764
619767
619769
619773
619774
619775
619777
619780
619781
619783
619784
619785
619786
619787
619789
619790
619793
619795
619797
619799
619802
619803
619804
619805
619806
619808
619810
619812
619813
619814
619816
619817
619824
619825
619826
619827
619828
619831
619832
619833
619834
619835
619836
619840
619841
619844
619845
619846
619847
619849
619851
619854
619855
619858
619859
619862
619864
619867
619868
619869
619871
619872
619873
619874
619876
619877
619878
619879
619880
619881
619884
619887
619895
619897
619902
619903
619908
619909
619910
619911
619913